from_stop_id,to_stop_id,transfer_type,min_transfer_time
811,812,2,300
3536,2646,,
728,689,,
419,11019,,
2692,8066,,
12329,10471,2,360
12409,2833,2,300
10960,10961,2,360
503,2739,2,300
4879,584,2,600
8672,8755,,
8038,96,2,600
91,21,,
10886,10892,,
5678,5034,,
3429,81,2,480
3533,7643,,
8945,7152,2,300
4371,4065,,
5256,5069,,
7259,7166,2,120
8703,9511,2,360
11274,11337,2,360
8038,11526,2,600
11282,12586,2,300
5216,7468,2,120
5665,5668,2,360
5352,7214,,
2156,9103,2,300
8578,8573,,
12668,718,,
4242,8037,2,120
1139,1654,,
10413,8922,2,300
314,1604,2,300
6456,5262,,
5498,11077,2,360
11867,4461,,
5067,11127,,
11278,11087,2,360
11710,8053,,
10513,415,2,360
3243,12211,2,300
11646,81,2,540
1563,1793,,
9043,1863,2,300
8854,6195,2,300
860,287,,
11247,6753,2,360
1027,1971,2,300
11874,1401,2,360
6958,6992,,
1276,1510,2,300
2011,8642,2,300
6691,9570,,
12664,155,2,300
12318,8139,,
4567,4427,2,360
1173,2671,,
1086,1570,,
7591,7635,2,120
9543,4464,2,420
11710,11714,2,300
3394,3053,,
4881,97,2,360
5467,5638,2,300
9136,12721,2,300
4163,10873,2,120
11903,11901,,
11270,11289,,
1401,11874,2,360
2613,2764,,
7699,10516,,
2189,3624,,
10745,11349,,
6297,6261,2,300
179,10352,,
1641,2010,2,300
3334,3204,,
4043,4053,2,360
12626,301,2,360
985,11272,2,360
6111,5925,,
9952,8747,,
12318,963,,
11470,11393,2,360
9125,1461,2,300
452,10873,2,120
10235,10233,,
8752,911,2,360
4496,8535,2,300
8800,11291,2,420
5341,11775,2,300
545,9136,2,300
4933,5567,,
9022,11075,,
690,689,2,300
985,10399,2,480
6088,6195,2,300
5288,5826,2,360
6256,6303,,
12600,12057,2,300
10866,8037,2,120
6173,5542,2,420
10972,10034,2,360
1586,11281,2,300
8032,7643,2,120
859,11438,2,360
12074,11108,2,300
11289,11269,,
6467,10880,,
5623,5583,,
12535,11535,2,360
6456,10881,,
12409,12405,,
3057,11108,,
11714,11716,,
5997,5553,,
11875,8750,2,360
329,9136,2,360
341,1522,,
11279,11088,2,300
6456,6467,,
11221,2119,2,360
4242,4459,2,120
7768,7777,2,300
11793,12358,2,300
3117,2948,,
10892,10885,2,180
6080,5553,,
12172,2095,2,300
5918,11137,,
10885,10888,,
8797,3407,,
8063,2339,2,300
10569,3723,2,480
12548,2119,2,300
7643,3533,,
8071,12393,,
10929,5989,2,120
1736,8047,,
8047,11674,,
10295,7835,,
1736,8070,,
1544,1086,,
11940,12332,,
255,256,,
8683,8697,,
5285,6478,2,300
616,1487,2,480
5332,11332,2,360
1202,1355,2,300
6146,6222,2,300
4067,1775,2,120
728,898,,
5494,5768,2,120
6019,11124,,
12227,8685,,
74,75,,
4660,11867,,
8759,12567,2,300
11876,11874,2,360
2613,8589,2,300
5180,11664,2,480
10881,5891,2,300
654,1347,2,360
8076,11526,2,360
11674,1801,,
5533,9021,2,300
8680,8659,2,120
1308,1537,,
9342,3277,,
696,1283,,
451,4119,2,120
11793,12361,2,300
5456,5516,,
1042,11023,,
8751,8673,,
1709,2742,2,300
2743,1046,2,300
7743,7658,,
2000,1258,,
10360,11277,2,300
666,1198,,
12625,646,2,300
8761,11095,2,300
11806,11801,,
11553,4881,2,300
12668,838,2,300
5074,4984,,
9574,6691,,
11810,11806,,
8847,3410,,
11526,8535,2,540
1743,2760,,
646,301,2,300
2414,1173,,
11260,11277,2,300
12580,7768,,
5998,5557,,
704,1198,,
10148,9547,,
11882,11764,2,360
8483,6781,2,600
8065,3535,,
8691,8755,,
11134,5715,,
165,11500,,
8746,8687,,
329,11403,2,360
1457,1416,2,300
1242,951,2,360
8755,8672,,
6095,12395,2,300
8036,10865,2,120
1301,9051,,
3023,2477,,
12585,11103,,
202,198,,
8051,3023,,
4067,4474,2,120
5408,5919,,
4734,8636,,
8036,4459,2,120
8076,96,2,420
838,12134,2,300
198,860,2,300
8055,5890,,
591,63,,
11131,5683,,
8031,3806,2,120
7851,7857,,
8640,218,2,360
1604,314,2,360
690,898,,
3619,3542,,
8752,8860,,
2479,2428,2,300
8916,8763,2,300
3869,7742,2,420
8750,1401,2,360
8020,11942,2,120
2123,908,,
74,98,,
12235,3067,,
1137,1683,2,300
3155,12211,,
6992,1334,2,480
11278,2119,2,300
8055,7639,,
10429,8051,,
12516,11332,2,360
8044,1231,2,300
6753,12716,,
8847,8820,,
12386,11739,2,300
3056,3825,2,360
110,11113,,
12498,8024,2,120
8617,9562,2,300
12631,1031,2,300
11882,5793,2,300
31,12681,2,480
5961,11137,,
11500,251,,
545,11403,2,300
11439,7869,2,300
5960,5408,2,360
1312,11011,,
8989,9020,2,300
77,96,,
6478,6113,2,360
4016,4055,2,360
985,77,2,420
11284,10745,2,300
8575,8561,,
1971,1120,,
1266,2225,,
10823,4722,,
8703,10029,2,420
12168,301,2,300
6736,5216,2,120
11270,11269,,
678,955,2,300
1875,2836,,
11221,11227,,
11638,939,2,360
3533,3195,,
7469,7591,2,120
10915,2397,2,120
2553,1461,,
5706,6078,,
6339,11364,2,300
7768,12580,,
5683,11131,,
11958,12285,,
9510,12588,,
5122,5769,,
2266,11909,,
12427,12441,,
5811,8967,,
5591,5596,,
5801,5955,2,300
11589,8073,2,300
361,318,2,360
1809,1852,,
1173,12409,2,300
5700,5464,,
1016,4494,,
8605,4355,,
11632,256,,
11275,10468,2,420
11221,10360,2,420
248,1530,,
826,747,2,480
11270,11246,,
8680,8679,2,120
1410,2553,2,300
4243,4191,,
8659,8748,,
9952,10971,2,120
8062,7639,,
181,1286,2,480
11806,11807,,
60,11113,,
5633,11861,2,300
8753,8907,,
5052,5719,,
11613,9848,2,420
11113,569,2,300
2227,1337,2,480
1522,341,,
297,381,,
8577,8552,,
1482,12318,,
12406,2523,2,300
9547,12478,2,300
4242,10865,,
7108,12437,2,300
7643,12647,,
4067,4119,2,120
11032,9671,,
915,1092,,
9178,10138,2,300
6600,6881,,
5628,5629,,
4962,4972,,
11288,11248,,
6194,6466,,
485,12713,2,300
7591,7469,2,120
8759,11877,2,300
2477,10429,,
646,1907,2,300
12020,12231,,
1761,4067,2,120
1231,11606,2,300
5122,5494,,
10881,11882,,
12036,11526,2,300
12229,12211,,
48,98,,
6133,12395,2,300
11882,8057,2,300
9293,9292,,
359,596,,
1258,2035,,
6610,6753,2,360
1567,1692,,
785,1147,2,360
11280,1586,2,300
2766,1858,2,360
5762,6469,2,300
3195,3769,,
7777,8028,2,120
1387,12318,2,300
6942,6741,,
1152,1575,2,360
10886,10889,,
11087,486,2,360
2015,10330,,
4463,12683,2,360
5465,5593,2,540
10145,9283,,
8757,8680,,
906,8761,2,420
11535,96,2,420
8755,8689,,
7650,11559,2,360
669,701,,
8073,11588,2,300
1459,1413,2,360
2765,1559,,
12716,6512,2,300
5250,5869,,
11273,985,2,360
3334,3533,,
11441,77,2,360
11288,11268,,
8073,8763,2,360
8060,5793,2,300
6470,6006,2,300
3195,3334,,
8066,2477,,
96,8019,2,540
8577,10564,,
8078,12138,2,600
5601,6464,,
6139,11704,2,480
11808,11798,,
9112,409,2,360
11303,12036,2,420
4143,4474,,
6808,6648,,
8691,8672,,
8654,5805,,
838,650,,
11286,11251,,
10866,10865,,
3204,3906,,
6587,6808,,
8021,3067,2,120
7743,7827,,
5069,5250,,
2630,2799,,
10753,4005,2,360
8062,5890,,
11221,11087,2,360
5176,5900,,
8140,1387,2,120
10860,12020,,
4010,12735,2,360
12230,11943,,
12437,7106,2,360
1254,12667,2,300
8575,8578,,
11088,11087,,
8754,8044,2,360
11882,8060,2,300
11589,8763,2,300
497,442,2,360
984,4882,2,360
5769,10880,,
78,11438,2,480
985,1016,2,300
11866,4660,,
1350,11011,,
11227,11260,2,480
95,8035,2,600
984,76,2,600
12688,1761,2,120
10881,5768,2,300
4917,4918,2,360
3419,3361,,
8738,8743,2,420
5285,5410,2,300
4163,4381,2,120
10866,4459,2,120
30,45,2,300
5242,5218,2,480
1075,1076,2,300
1172,1170,2,480
287,392,2,300
8687,8676,,
4143,1775,2,120
11259,12232,2,360
12671,381,2,300
11638,80,2,300
5436,6139,2,300
7095,7166,,
12020,12022,,
1065,8071,,
3954,3333,2,300
11682,1430,,
236,10352,2,300
4381,4163,2,120
31,985,2,600
11876,11877,,
3428,429,2,360
8066,10429,,
782,12513,,
10966,549,,
8034,11438,2,420
549,10967,2,360
2004,1838,,
11524,11272,2,360
11958,11950,,
3394,3906,,
5067,11130,,
11882,5667,2,300
3903,9240,2,420
1137,1617,2,300
4881,9128,2,480
8053,11710,,
12584,11282,2,360
96,4882,2,120
898,728,,
12636,7804,2,300
4881,10399,2,300
8617,9582,2,300
1614,11793,2,480
4489,12683,2,300
10196,12725,2,540
5805,5287,2,360
10067,10440,2,420
5701,5594,2,360
12548,11087,2,300
4191,4243,,
9255,3965,,
9379,3064,2,360
718,797,2,300
12749,887,2,300
5242,6738,2,360
5659,5117,,
9103,2156,2,300
10860,12332,,
5633,11858,,
1160,1187,2,300
3515,3594,2,420
812,195,2,300
12683,11639,2,300
11279,12548,2,300
4514,4243,2,300
994,10745,,
1327,2227,2,540
5255,5065,,
7100,5380,,
2047,10812,,
5216,7591,2,120
3204,3053,,
2717,2523,,
5781,11135,,
3195,3904,,
10736,10703,2,300
3195,3927,,
11932,8283,2,600
12600,12363,2,300
1442,2263,,
8068,2016,2,300
5561,5583,,
1659,1643,,
11701,5059,2,480
30,4883,2,600
6114,5803,,
5077,11629,2,480
2323,2266,,
8047,8563,,
6215,6280,,
3594,3449,2,300
5756,5781,,
908,2123,,
10429,2630,,
6730,12205,2,360
3334,3067,,
5715,11133,,
6455,5244,,
11714,11710,,
2692,3023,,
5826,5287,2,360
30,9128,2,360
3723,10569,2,480
10363,12523,,
10819,12054,,
56,114,,
12409,8068,,
12580,8028,2,120
10631,11352,2,300
3129,1875,,
11628,5077,2,480
6736,7469,2,120
4043,4228,,
1316,654,2,300
12134,838,2,300
1147,785,2,360
3315,12267,2,300
11282,627,2,300
11805,11808,,
8041,4494,2,480
2630,8066,,
10189,6039,,
10888,10889,,
11256,11267,,
3904,3906,,
9112,12681,2,420
938,35,2,300
963,1482,,
8021,3053,2,120
3411,3443,2,300
2004,1824,,
3831,3878,2,300
7328,7261,2,360
1482,8139,,
8060,11882,2,300
10888,12655,,
3023,10429,2,120
659,709,2,300
5769,5891,,
2742,1709,2,300
451,1775,2,120
695,8072,,
10880,8060,,
12688,1775,2,120
8644,1451,2,360
210,1519,,
8688,8689,,
9952,8756,,
12020,8020,2,120
7732,11976,,
4925,5615,2,360
8763,1231,2,300
9562,6823,,
8394,766,,
6139,6174,,
9530,361,2,360
5769,5768,,
7449,7450,2,120
5389,10671,,
452,4381,2,120
6456,5769,2,300
10866,4568,2,120
6949,2101,2,300
5230,5553,,
3719,10567,2,480
12036,4882,2,480
5474,11077,2,360
9987,1622,,
1092,902,,
7154,8952,2,360
1276,122,2,300
110,322,,
6456,5122,2,120
11860,5700,,
2717,8068,2,360
8034,40,2,480
202,287,2,300
4143,1761,2,120
1387,8139,2,300
7214,7095,2,120
11256,11788,,
8687,8685,,
10884,8056,2,300
1160,1648,2,300
5828,6114,,
185,524,2,420
60,110,,
93,81,2,420
1355,1202,2,360
7685,7703,2,300
1865,10092,2,300
251,11020,,
11874,11877,2,300
3195,11229,,
8283,8484,2,420
11273,11774,2,420
11589,8754,2,300
7666,10299,2,420
11268,11788,,
1429,11911,,
7207,5352,,
12064,12066,2,360
12670,199,2,360
11352,11357,,
7259,7095,2,120
1018,767,,
10465,415,2,420
4010,4045,2,300
8036,4568,2,120
4489,9543,,
12537,8563,,
3394,3769,,
4381,4143,2,120
659,1130,2,300
9125,1410,,
1648,1160,2,300
9530,318,,
8066,2692,,
6467,11882,,
5641,5708,,
12043,7644,2,420
4052,4004,2,300
5593,5633,,
11807,11799,,
11866,4491,,
1886,1865,2,300
9987,1679,,
40,8035,2,480
5352,7166,2,300
11529,232,2,360
11279,486,2,360
5239,10224,2,360
1563,1550,,
10959,11759,2,420
113,114,,
2539,8048,,
3904,3053,,
11279,11352,2,300
689,728,,
3371,3667,,
2787,1463,,
11357,12548,2,360
11337,11310,2,360
738,441,2,600
3816,8022,2,120
8038,11535,2,600
60,322,2,300
11095,911,,
10092,1886,2,300
4984,5019,,
318,361,2,360
10885,10891,,
6455,5553,2,120
11707,11295,2,420
9547,9524,,
12232,12240,,
12054,10823,,
7743,7727,,
1648,1186,2,300
9848,11613,2,360
11088,11279,2,300
7001,2101,,
5553,5230,,
4324,4398,,
4491,11867,,
6472,5336,2,480
627,12584,2,300
5052,5725,,
1231,11589,,
1016,985,,
11247,12716,2,360
11077,5498,2,360
972,11606,2,300
10860,11943,,
9683,9854,2,300
12173,7214,2,300
8759,1401,2,360
6356,6341,2,300
955,737,2,300
5122,5045,,
8761,8860,,
1550,1563,,
1130,1254,2,300
10235,2708,,
5553,5997,2,120
11616,96,,
8061,10884,,
3041,3080,,
8064,11715,,
704,666,,
12585,11283,2,360
11524,4494,2,420
190,9129,2,360
10067,10068,2,300
11719,11716,,
7025,2227,,
2051,11284,2,300
96,11526,2,300
4346,4347,2,600
6675,9574,,
9981,10139,,
11710,8064,,
3314,12277,,
7106,7108,,
2799,3023,,
847,1580,,
10673,10644,2,300
4722,10823,,
5140,5021,,
178,238,,
5700,5593,,
75,48,,
1186,1648,2,300
8044,11588,,
6508,6888,2,300
6682,8380,2,360
2928,2941,,
9580,6590,,
6590,9580,,
7207,12173,2,300
12230,11940,,
1533,847,,
5997,5230,,
10591,80,2,360
10339,10336,,
10554,8975,2,360
366,313,,
8674,9505,,
1570,1086,,
5494,6467,2,120
6467,5891,2,300
1413,3101,2,300
1173,2717,2,120
863,1977,,
3204,3394,,
11303,77,2,360
11303,11438,2,300
1469,1557,2,300
6464,5601,,
8076,11535,2,360
6469,5776,2,300
8068,2414,2,300
10880,8057,,
5127,5675,,
7639,5890,2,120
2000,1218,,
6174,6139,,
11877,11875,2,300
11294,11247,2,360
8060,5891,,
12348,1013,2,300
6728,5218,,
11015,706,,
7001,6532,,
12717,12716,,
2120,8622,2,420
4163,12688,2,120
5719,5052,,
11281,10799,2,300
77,11526,2,300
4505,4516,,
8754,8073,2,360
95,35,2,480
6139,6340,,
2477,2692,,
604,10481,,
10631,486,2,360
1329,2227,,
11805,11811,,
11760,10958,2,420
1016,8041,2,420
5553,5244,2,120
4067,1761,2,120
11020,251,,
12063,12065,2,360
915,1055,,
2170,2219,2,300
11331,5332,2,300
10468,11310,2,420
11559,7650,2,300
3480,3057,,
10967,213,2,360
6884,6843,2,300
10892,10888,2,180
5997,6080,,
10132,3975,2,300
1195,1158,,
3890,3843,,
7650,8030,,
8746,8690,,
3448,3565,2,360
2417,2491,2,300
12567,11874,2,300
11441,8035,2,480
6139,12543,2,360
5813,5818,2,300
8762,8907,,
12498,7743,,
63,397,2,300
3479,8022,2,600
809,810,2,360
12234,3927,,
6172,6357,,
12234,3904,,
8046,1832,,
5436,11704,,
310,1505,,
2354,8054,,
198,202,,
2717,2761,,
354,599,2,300
5826,5805,,
11273,11522,2,360
3908,3782,2,600
1347,654,2,360
7214,12173,2,300
8033,12230,,
2225,2162,2,360
11606,8763,2,300
8913,8754,2,360
5230,5244,2,120
9492,7145,2,420
1761,452,2,120
744,12625,2,300
797,718,2,300
78,8035,2,600
4163,451,2,120
63,1379,,
6504,6548,2,300
3204,3769,,
1070,1156,,
8754,11588,2,360
10141,3900,,
4647,4670,,
2610,1178,2,480
12207,6734,2,600
6080,5244,,
12409,2761,2,360
12716,11707,2,300
1576,1308,,
2227,7025,,
3613,3140,2,300
7140,7106,2,300
1423,2472,,
12437,7140,,
1576,1354,,
10891,10887,,
10880,5667,2,300
5997,5244,,
9926,5845,2,300
11860,5743,,
8057,11764,2,360
3057,3480,,
3548,3133,,
11020,165,,
10880,11764,2,360
12227,8676,,
5287,5805,2,360
8049,2016,2,300
3964,3944,2,180
5507,5701,2,360
11765,11714,,
10916,11664,2,480
8075,81,2,420
190,11774,2,300
10860,8033,2,120
6280,6215,2,300
11589,8044,2,300
5561,11122,,
2234,2153,2,300
12667,659,2,300
5664,5670,,
1143,2120,2,360
4936,11121,,
5700,6077,,
1133,1833,2,300
10295,7890,,
972,11589,,
3695,3731,2,300
6086,2409,2,360
8056,10884,2,300
2119,12548,2,360
11268,11250,,
10888,10892,,
1808,2163,2,300
12716,11295,2,300
11874,12567,2,300
12556,8045,2,300
2941,2928,,
5997,6455,,
1401,11877,2,360
122,1510,2,300
6736,7635,2,120
10486,234,2,300
10591,8075,2,360
5528,5446,2,360
6133,6095,,
5623,11122,,
8756,10972,,
8034,189,2,480
10873,4067,2,120
12155,6468,2,540
11765,8053,,
8852,6923,,
8032,3195,2,120
1617,1137,2,300
6467,5768,2,360
12293,7167,2,300
1186,1187,2,300
12235,12321,,
9136,218,2,360
8743,9505,2,360
11262,826,2,360
8064,11718,,
10150,9524,,
2671,2717,2,120
1736,11674,2,300
8049,2414,2,300
8033,11941,2,120
859,8035,2,480
218,544,2,300
9307,12375,2,300
12681,12375,2,360
7259,12173,2,300
11715,11714,,
1387,963,2,300
11878,8759,2,420
11529,524,,
11808,11806,,
2167,2221,2,300
4962,5253,,
6902,9567,,
1013,12334,2,300
4016,4018,2,360
11208,6566,,
8052,2203,,
4962,4961,,
8820,3518,,
1108,1514,,
7207,7095,2,120
5516,6459,,
415,10465,2,420
8710,2899,2,120
3476,3487,2,360
11208,6486,2,300
8053,11716,,
10865,10867,,
4949,5074,,
11273,9129,2,360
3023,2692,2,120
3204,3334,,
12234,11229,,
5104,5072,,
11622,155,,
4881,4494,2,420
10929,2397,2,120
12231,12319,,
9124,1592,,
11529,942,2,360
1482,963,,
452,451,2,120
6456,5494,,
6139,6088,,
10564,8575,2,120
8038,938,2,480
11427,26,2,420
5065,5028,,
1530,248,,
789,1533,,
6700,6667,2,360
5553,6455,2,120
3407,8797,2,300
8044,8754,2,360
8577,8575,,
10202,8067,,
6534,12312,2,360
853,12513,2,300
189,11535,2,420
668,11623,,
5148,8062,,
11807,11802,,
989,8037,2,120
11268,11267,,
6173,6195,2,360
10882,10879,2,300
4345,4346,2,480
3965,9255,,
1173,2016,,
35,40,2,300
859,189,2,300
5769,11882,2,300
10400,96,2,360
3904,3067,,
857,8622,2,360
11015,663,,
5797,5756,,
8673,8751,,
5776,6469,2,300
5621,5601,,
3181,11942,2,600
8490,6578,2,360
8542,11129,,
7198,11753,,
12231,11941,,
1775,4067,2,120
8021,3906,2,120
4660,4491,,
11128,8542,,
2971,2847,,
10399,4881,2,120
5801,6004,,
8680,8748,,
12235,3533,2,300
12406,2414,2,300
8034,8035,2,480
463,11021,,
10375,10926,,
8047,1736,,
4329,4427,2,300
12235,3204,,
5019,4984,,
8077,12681,2,480
2809,2789,,
5553,6080,2,120
5593,5464,,
1076,1833,2,300
8046,1065,,
4879,407,2,300
3708,11567,2,360
10310,7719,2,480
8064,11712,,
911,1697,,
2264,2444,,
10812,2047,,
1580,789,,
8622,2120,2,360
8659,8757,,
10860,11940,,
5583,5561,,
95,78,,
10888,10886,,
9570,6675,,
3333,12277,2,300
5230,6080,2,120
8070,1801,2,300
181,10435,2,300
5633,5593,,
1572,12556,2,300
10865,989,,
11273,4495,2,360
5360,7150,2,360
2160,1337,2,600
744,646,,
8022,3478,2,120
1544,1061,,
12235,3334,,
985,8041,2,360
1886,10092,2,300
984,8077,2,420
8484,8283,2,420
1320,2039,,
5961,9452,,
11588,8044,2,300
6073,11124,,
3155,12229,,
938,8019,2,480
9651,4360,2,360
8697,10017,2,360
2847,2941,,
1683,1137,2,300
10891,10890,2,180
12632,1116,2,300
9052,12749,2,300
4928,9961,,
1091,8753,2,300
12406,12405,,
5997,5093,,
78,95,,
5436,6088,2,360
8575,8573,,
9849,6969,2,480
11557,11556,,
4972,4962,,
1430,2263,2,300
11268,11253,,
5509,5701,2,480
10437,6175,,
12230,11941,,
1055,915,,
8032,3204,2,120
8044,8763,2,360
3479,3059,2,300
6153,6280,,
337,11021,,
11810,11798,,
7469,5216,2,120
12242,12233,2,360
8068,2523,2,300
5104,5021,,
5015,11629,2,480
2630,3023,,
10429,2799,2,120
11827,10436,2,420
35,8035,2,480
9051,1301,,
7732,7654,2,300
155,11632,,
6563,6820,,
1525,10799,,
9282,9414,,
11704,5436,,
5509,11858,2,300
7501,7493,,
3908,12238,2,300
12406,2833,2,300
5547,5432,2,300
5117,5675,,
11949,11957,,
11794,12085,2,300
165,11020,,
6167,6354,2,360
11275,11310,2,360
6113,5410,,
11124,6073,,
8691,8690,,
628,4883,2,600
12670,392,2,300
322,60,,
8673,8674,,
97,4881,2,360
10799,11280,2,300
11708,11678,2,300
3239,3159,,
6700,6739,,
1761,4119,2,120
5737,5641,,
10021,8659,2,420
880,2118,,
3822,3478,,
8048,2539,,
2553,1410,,
6858,6563,,
5585,5621,,
5615,4933,2,360
6175,10437,,
5535,11755,,
12235,3394,2,300
11719,8053,,
5494,5262,2,120
11526,77,,
8051,2477,,
12664,256,,
6479,6006,,
10375,1300,2,480
12231,12320,,
11281,423,2,300
908,1754,,
718,838,2,300
6354,6196,2,300
850,1206,2,360
4939,4845,,
12535,4494,2,420
8034,95,2,540
11806,11802,,
1206,785,2,360
4071,4116,,
10880,5793,,
12026,10467,2,360
8020,12332,2,120
1505,370,,
12227,8657,,
8057,5793,2,300
11197,11199,,
5954,5828,,
1514,1039,,
11645,4463,2,300
10258,10253,,
8067,10202,,
8021,3769,2,120
10881,5262,,
10866,4471,2,120
3624,2189,,
10874,7117,2,300
12234,3533,,
906,1697,,
3478,3822,,
5034,5678,,
4652,4665,,
10591,2737,2,420
11130,5067,,
11251,11287,,
3065,3055,2,360
11276,11260,2,300
11270,11267,2,120
4881,8041,2,420
12229,3155,,
8034,859,2,480
11682,1442,,
7703,7685,2,300
8036,10866,2,120
2671,2414,,
4143,4163,2,120
1016,9129,2,300
4018,10882,2,300
10915,2203,2,120
10948,5148,2,180
7416,8922,2,300
10890,12655,,
12277,3333,2,300
8697,8683,,
984,8040,2,420
3331,12272,,
3394,3904,,
911,11095,,
8577,8561,,
3023,8051,2,300
11352,11088,2,300
256,12664,,
1832,8046,,
12667,709,,
12668,650,2,300
8687,8688,,
11932,6661,2,300
8535,12375,2,300
1016,11774,2,300
11526,97,2,360
654,1316,2,300
10492,8042,2,420
6820,6563,,
5216,7635,2,120
498,441,2,300
797,12134,,
6124,6053,,
2717,12405,2,300
3565,3449,2,480
10893,12673,2,300
11529,1283,,
6204,6164,,
1775,4119,2,120
8755,8687,,
924,1361,,
5741,5703,2,300
486,11278,2,360
3178,3220,,
6648,6808,,
8073,11606,2,300
9492,11754,2,480
497,955,2,600
5040,5794,2,480
1679,2028,,
1130,659,2,300
8760,8673,,
1525,11280,2,300
5769,5668,,
11248,11269,,
2032,1824,,
213,10966,,
4915,11826,2,360
10429,8066,,
11248,11246,,
887,12749,2,300
9243,9324,2,300
12588,9510,,
5700,6000,,
8139,963,,
11807,11806,,
8672,8687,,
2717,2833,,
10258,10628,2,300
11535,8535,2,600
11289,11788,,
2035,1258,,
8065,5989,,
7745,12639,2,300
11429,26,2,360
9239,11114,,
12232,12241,2,300
11454,11423,2,300
4468,11708,2,360
2418,2527,2,360
1457,2788,,
11808,11810,,
12206,12207,2,360
190,4495,2,360
8052,2252,,
12241,12232,,
8913,8763,2,360
7576,7629,,
8644,1423,,
8045,695,,
8072,1572,,
8020,12020,2,120
5436,6174,,
1728,1546,,
11252,11251,2,120
8032,12647,2,120
6455,6080,2,120
3243,12229,2,300
12513,10619,,
3954,3314,2,300
4381,451,2,120
10886,10887,,
96,12036,2,300
11959,11952,,
713,1347,2,300
11303,8035,2,480
7469,6736,2,120
11075,6051,,
10643,11593,,
7214,7207,,
5509,11861,2,300
12291,3656,2,300
10299,7666,2,420
8654,5826,,
11882,5891,,
11589,11606,,
5404,10163,2,600
6470,6479,2,300
8752,906,2,360
11248,11266,,
10199,6475,,
12548,11357,2,300
11248,11289,,
5644,6462,,
4381,10873,2,120
4107,4168,2,300
11827,3317,2,300
12409,8049,,
5725,5037,,
8070,11674,,
8683,8749,2,300
1202,1307,2,360
1039,1514,,
4456,11367,2,300
11810,11801,,
4830,4061,2,300
4471,989,2,120
812,811,2,300
8040,4496,2,360
12155,12695,2,480
4917,4847,2,300
1736,8563,,
7429,7495,,
985,11522,2,300
12036,10399,2,120
7446,7501,,
419,483,,
584,4887,2,480
3699,3679,,
8060,5768,2,300
10895,779,2,480
8038,11438,2,480
981,1487,2,300
7493,7446,,
30,11481,,
11283,12585,2,360
4879,542,2,360
701,11623,,
2119,11352,2,360
3056,3064,2,300
11806,11799,,
8680,8757,,
1133,1075,,
11023,1042,,
4050,4274,2,360
11707,12716,2,300
924,1301,,
5593,6077,,
9651,4403,2,360
11964,9376,,
4845,5244,2,120
815,2054,,
4514,4301,2,300
5405,5298,,
7144,8299,2,360
2032,1838,,
11623,701,,
189,40,2,480
3900,9174,,
3816,3806,,
8073,11589,2,300
8672,8690,,
7023,8823,,
8020,11943,,
4191,4301,,
8755,8690,,
1173,2414,2,120
12234,3204,,
12498,7727,,
8021,3394,2,120
3428,942,2,300
2039,1320,,
11589,972,2,300
11877,11876,,
11876,1401,2,420
1622,2028,,
4459,10867,2,120
10305,7785,,
6566,6486,,
11710,11712,,
11281,1525,2,300
361,9530,2,360
11310,10468,2,360
1065,8046,,
1187,1160,2,300
10873,452,2,120
1320,1996,,
6648,6908,,
8763,8044,2,360
8057,5667,2,300
12063,12066,2,360
10017,8697,2,300
3334,3906,,
860,199,2,300
256,11622,2,300
668,669,,
2227,1329,,
7259,7207,,
6474,7102,2,360
1482,1387,2,300
1856,1483,2,360
3898,3856,2,300
3385,3478,,
11087,11278,2,360
8659,8680,2,120
11126,9293,2,360
3779,3478,,
12172,12495,2,360
1186,12666,2,300
7643,3067,,
888,9052,,
1173,2523,,
5683,11132,,
8073,972,2,300
7827,8029,2,120
9378,3825,2,360
8040,8535,2,300
5119,5125,,
10866,4242,2,120
4965,10896,2,480
779,857,2,300
8907,8753,,
8065,10915,,
8640,545,,
4346,4419,2,480
10202,8050,,
12725,10926,2,480
11103,11283,2,300
12666,1160,2,300
4242,4471,,
4045,12735,2,360
569,60,,
8749,8697,,
6217,6151,2,300
75,74,,
10631,11278,2,360
984,8535,2,360
2639,2261,,
6340,6139,2,360
1754,2110,2,360
6113,6478,2,360
1101,959,2,300
3816,3385,,
3532,3386,2,360
1171,1175,2,360
11113,60,,
3195,8032,2,120
11579,11408,2,420
10890,10889,,
5408,5960,,
1156,1071,,
12375,8535,2,300
6781,11932,,
365,10969,,
1354,1576,,
12231,11942,,
8032,3533,2,120
8850,3572,,
11403,12721,2,300
1198,704,,
11573,3735,,
460,1589,,
78,35,2,480
10399,10400,2,120
11911,1429,,
8746,8676,,
3243,3155,2,300
256,255,,
12584,11283,2,360
5729,11133,,
11882,5768,2,360
6172,6197,2,300
5828,5954,,
1708,1711,,
169,1530,,
10929,8065,,
8683,10017,2,300
758,2054,,
5275,5419,2,360
185,1283,2,360
8673,8760,,
1992,834,,
7259,5352,2,120
4845,5553,2,120
8046,1615,,
2062,1027,,
11801,11810,,
26,11542,,
10021,8679,2,360
5805,5288,2,480
1775,452,2,120
6459,11074,,
12668,12134,2,300
1604,366,2,360
12749,888,,
8036,4242,2,120
10199,9306,2,360
451,1761,2,120
6456,5045,,
6455,5230,2,120
10886,10890,,
11122,5561,,
3334,3053,,
6194,10437,,
5919,5408,2,360
5693,5708,,
11023,1105,,
7861,12444,,
5664,5722,2,300
6222,6223,,
5465,6000,2,480
8023,7650,2,120
8691,8687,2,120
1409,1462,,
5004,5009,2,300
10764,10823,,
6921,6725,,
11348,12586,2,300
8036,4471,2,120
1583,169,,
11534,81,2,300
5781,5797,,
7214,5352,,
6725,6921,,
11007,1312,,
4220,11263,2,300
6455,5997,2,120
3825,3064,2,480
11426,12348,2,300
1013,10694,2,600
1870,8802,2,300
5021,5104,,
10882,4018,2,300
4067,4163,2,120
11357,486,,
12036,77,2,120
1793,1550,,
2477,8051,,
8800,8604,2,360
10948,8062,,
702,667,,
3195,12234,,
1393,1394,2,360
857,1143,2,360
5629,5628,,
4463,11639,2,360
11286,11252,,
9051,1361,,
5256,5250,,
8687,8691,,
2189,3536,,
985,4881,2,480
793,11010,,
5216,6736,2,120
10799,1525,,
11256,11253,,
1016,78,2,480
6637,6895,,
4189,4201,2,300
8032,12235,,
8140,1482,2,120
8960,7357,2,360
3822,3816,,
8679,10021,2,480
3608,10067,2,480
1642,1660,,
9492,10629,,
12567,11875,2,360
5641,5737,,
11294,6753,2,300
5494,5122,2,120
12688,10873,2,120
8077,12375,2,300
392,860,,
11270,11788,,
2354,8063,,
12235,3769,,
11622,256,2,300
1160,12666,2,300
8049,2523,2,300
12717,11243,2,300
12688,4381,2,120
6704,6781,2,600
11289,11267,,
11292,11471,2,480
9665,9701,,
5119,5723,,
5176,5188,,
8029,7743,2,120
12234,12647,,
10017,8683,2,300
11133,5729,,
6335,6362,,
9511,8703,2,360
7804,12639,2,300
3842,9365,,
6139,8854,2,120
10328,4756,2,300
110,569,,
11806,11810,,
11402,3317,2,360
11288,11266,,
8034,78,2,540
5697,5467,2,360
11270,11250,,
11535,11438,2,480
2396,2386,2,300
10880,11882,,
9441,3632,,
10690,12380,2,360
3394,12234,,
709,1254,2,300
2160,7025,,
6038,10189,2,360
392,202,2,300
2959,3108,,
1337,2160,2,600
11289,11253,,
10629,11754,,
6080,5093,,
12406,8068,2,300
4491,4660,2,120
5769,10881,2,300
122,1276,2,300
2742,12318,2,300
2414,2717,2,120
3181,11943,2,600
8030,7736,2,120
9179,3943,,
3878,3855,2,360
2994,2838,2,480
985,4495,,
10399,4495,2,480
5352,12173,2,300
11108,12074,,
6820,6489,,
11876,12567,2,360
11349,2051,,
11714,8064,,
77,11438,2,360
6781,8483,2,480
6753,11243,,
11524,9129,2,300
4243,4301,,
1105,11023,,
97,10400,2,60
11645,11639,2,360
9174,3900,2,300
10885,10889,,
11765,11712,,
5769,6467,2,300
361,674,2,360
4881,10400,2,60
5633,6077,,
12209,12210,,
758,1980,,
8061,5844,2,300
8076,11524,2,360
10884,5844,2,300
8483,6768,2,480
12291,3633,2,300
9306,10199,,
3443,3411,,
5288,11592,2,360
6310,6249,2,300
11802,11808,,
12672,812,,
1580,847,,
12020,11942,,
5769,5262,,
8074,235,,
12272,3315,2,300
8057,11882,2,300
189,859,,
9452,5918,,
11,11427,2,300
10873,4119,2,120
4961,4972,,
1076,1828,2,300
8032,3067,2,120
11559,8023,2,120
11860,11858,2,300
5230,5093,2,120
3195,7643,,
3904,3769,,
10885,12655,,
4489,4463,2,300
12173,7166,2,300
11441,78,2,420
12686,4212,2,360
1065,1832,2,120
5553,5093,2,120
318,9530,,
1091,8762,2,300
774,863,,
12264,3984,,
12600,11794,2,420
1996,1320,,
12231,12022,,
3533,3067,,
6637,6881,,
341,1589,,
8945,7076,,
984,409,2,360
2051,994,,
6603,6634,2,300
8578,8574,,
4301,4514,2,300
9136,545,2,300
9577,6902,,
8746,8685,,
11704,6340,2,420
6466,6194,,
11808,11801,,
6174,6088,2,360
98,48,2,300
12227,8688,,
8070,1736,,
12556,695,2,300
8024,7743,2,60
5737,5693,,
3385,3822,,
6765,6915,,
11704,12543,2,420
5815,9720,2,480
11133,5715,,
11882,10880,,
4138,4123,2,300
12535,11272,2,420
6703,8326,,
11013,1042,,
5769,5494,,
8068,2761,2,300
9714,12208,2,360
6858,6489,,
7468,7591,2,120
2222,2165,2,360
6148,6220,2,300
12688,4163,2,120
8282,8283,2,600
8687,8657,,
8031,3478,2,120
8064,11710,,
4629,4689,,
7166,5352,,
8051,2692,,
8069,2539,,
3822,3779,,
11357,11352,,
11013,1105,,
12586,11282,2,300
6051,11075,,
11878,11874,2,360
1391,2769,2,300
2028,1679,,
11278,11357,2,300
2119,11278,2,300
5815,5180,2,420
11903,12428,,
12409,1173,2,300
1514,1108,,
4067,4143,2,120
713,1316,2,300
4427,4500,2,420
11940,8033,2,120
8750,11876,,
8038,40,2,480
11282,12584,2,360
8916,8913,2,300
8754,11606,2,300
8070,8563,,
1570,1061,,
12543,6195,2,360
2120,1143,2,360
452,4067,2,120
8746,8688,,
6535,2098,2,360
7685,12444,2,300
12636,12639,2,360
9022,11076,,
11801,11807,,
202,199,2,300
76,9307,,
1663,1640,2,300
7446,7533,,
5675,5117,,
2035,1218,,
11254,6754,2,360
7643,3906,,
11929,11091,2,360
5024,5068,,
3394,3927,,
6881,6637,,
3195,8021,2,120
859,10400,2,420
815,1980,,
1505,310,,
7095,7207,2,120
1171,12336,,
5465,5594,2,360
8573,8574,,
409,8535,2,300
3852,3881,,
10976,230,2,300
6479,6470,2,300
5591,6078,,
1692,1546,,
11707,6753,2,360
10892,10886,,
4845,5230,2,120
6532,6949,2,300
1133,1828,2,300
8066,2630,,
11719,8064,,
3334,3394,,
409,4496,2,360
2044,834,,
666,704,,
4925,5567,2,360
5253,4972,,
859,4881,2,420
8076,4494,2,480
6483,6578,2,360
6146,6223,2,300
2328,2639,,
1307,1202,2,360
3385,3816,,
12588,10028,2,480
11294,12716,2,300
5494,5769,2,120
6489,6820,,
8748,8659,,
11877,8750,2,360
12241,12240,2,360
11289,11256,,
4845,5997,2,120
10144,11613,2,360
7444,7562,,
10959,10961,2,300
859,35,2,360
11243,11707,2,300
5216,7469,2,120
11278,11088,2,300
8057,10880,,
6194,6175,,
2028,1622,,
8022,3822,2,120
11715,11712,,
114,11016,,
8691,8676,,
8029,12498,2,120
11199,11196,,
11875,11876,2,300
2489,2527,2,360
9062,6095,2,300
11707,11247,2,360
5410,6478,2,300
3204,3904,,
7643,3053,,
7727,8029,2,120
3204,3927,,
8030,7650,,
5122,11764,2,300
8751,8674,2,300
11221,11357,2,360
5446,5528,2,360
10644,10673,2,300
12234,3195,,
30,12681,2,540
5678,5055,,
10352,179,,
5623,5561,,
3410,8847,,
1604,10969,,
2320,11732,,
7106,7140,2,300
1401,11875,2,360
6661,6781,2,300
10969,365,,
10745,11284,2,300
10881,5122,,
4882,4496,2,420
5040,5050,2,300
5516,11074,,
11526,11616,,
11860,11861,,
3816,8031,2,120
12235,3906,,
10316,12639,2,360
4881,9129,2,480
1589,460,,
5918,9452,,
7525,11206,,
11524,11774,2,480
12498,7658,,
906,11095,,
3334,3769,,
1355,1151,,
2860,2917,2,300
1461,9125,2,300
12596,82,2,360
5593,6000,,
701,669,,
4984,5074,,
4218,4371,,
8049,2761,2,300
9062,12395,2,300
10881,5494,,
11441,10400,2,480
8689,8688,,
6088,6139,2,360
11802,11811,,
3708,11685,2,480
4163,4067,2,120
1660,1642,,
7347,12188,2,300
370,310,,
963,1709,,
11765,11715,,
5124,5721,,
5693,5737,,
10316,10893,2,360
7198,7188,,
10972,8747,,
8763,8073,2,360
8053,11714,,
11307,3151,2,360
8043,235,,
12227,8691,,
6167,6343,2,300
95,8019,2,600
8748,8679,,
1614,11794,2,480
4459,989,,
5456,6459,2,300
628,4494,2,420
10308,12638,2,300
11588,1231,2,300
3394,8032,2,120
12716,11247,2,360
8034,35,2,480
10929,2203,2,120
9298,9299,,
5656,5034,,
451,4143,2,120
12688,4143,,
5148,5890,2,120
3536,2189,,
5458,5703,2,300
5352,7095,2,120
4750,10823,,
10316,12636,2,420
9574,6675,,
3904,3334,,
5797,11135,,
2717,12411,2,300
8907,8762,,
1988,151,,
1444,2326,,
10860,11941,,
9492,7100,2,420
1329,7025,2,360
5494,5045,2,120
3133,3140,,
1300,10926,2,480
12498,7827,,
12406,2761,2,360
405,2081,2,300
96,77,,
4463,11645,2,300
6455,5093,2,120
7357,8960,2,300
96,11438,2,360
11278,12548,2,360
8910,11877,2,360
11402,10436,,
8577,8573,,
1775,4474,2,120
2663,10245,,
12235,3053,,
12682,12686,2,360
7450,7489,2,360
782,10619,,
1664,1638,2,300
8743,8673,2,360
4295,4249,2,300
11785,11653,2,480
1907,646,,
11095,8752,2,300
5072,5140,,
5651,11131,,
11270,11253,2,120
2717,1173,,
6195,6139,2,360
11674,8070,,
12600,12358,,
5533,5444,2,300
646,12625,2,300
2263,1430,,
880,9054,,
11260,11221,2,480
3878,3898,2,360
405,584,2,300
5955,5801,,
470,545,2,300
628,12609,2,360
5596,6078,,
11616,77,,
8058,5042,,
3385,3779,,
12580,7777,,
5003,8615,2,360
11616,11438,2,360
11221,11088,2,360
5037,5719,,
8763,11588,2,360
7827,7743,,
195,454,2,300
11285,2051,2,300
8683,8758,2,300
10885,10892,,
11216,9087,,
11337,11311,2,300
6969,9849,2,420
12234,7643,,
3565,3515,2,300
665,1198,2,300
6942,6725,,
11701,5031,2,480
7207,7259,,
6280,6153,,
1832,1065,2,120
1016,4495,2,300
11429,98,2,600
2165,2222,2,360
10068,10067,2,300
11273,4882,2,420
12240,12233,2,300
12318,1387,2,300
737,678,2,300
1525,423,,
6467,5262,,
75,11427,2,480
6139,5436,2,300
11674,8047,,
7125,7123,,
7658,8029,2,120
296,132,2,300
12228,12210,,
6508,6545,2,360
10880,5891,,
6139,5542,2,300
11441,35,2,360
1168,2540,,
10892,10889,2,180
10972,9952,2,120
1572,8045,,
1361,892,,
9124,210,2,300
6174,12543,2,420
1761,1775,2,120
11875,8759,2,360
12535,1016,2,60
809,2156,2,360
10470,21,2,360
11877,8910,2,300
1709,12318,,
8282,6706,2,300
7650,7736,2,300
12600,12361,2,300
11270,11256,,
5148,7639,2,120
10972,10971,2,120
10335,10349,,
10360,11258,,
8697,8749,,
12267,3315,2,300
9342,3281,2,300
5458,5514,2,300
696,2738,2,360
6951,6999,,
11879,11878,2,360
3904,3394,,
453,493,2,360
7469,7635,2,120
1070,1071,,
8854,6139,2,120
8672,8676,,
11259,12233,2,360
863,2058,,
2799,2477,,
7214,7259,2,120
8033,12022,2,120
11805,11806,,
4845,6455,2,120
8755,8676,,
1451,2472,2,300
1721,911,,
30,12535,2,540
8028,7768,2,120
9543,12683,2,360
1423,8644,,
6174,6340,2,360
5854,10159,,
5287,5826,2,360
10888,10887,,
358,596,2,300
3024,2917,,
695,1572,,
9452,5961,,
8076,77,2,420
193,45,2,540
181,8074,,
984,31,,
2663,10288,,
5122,5667,2,120
8940,7087,,
12665,1187,2,360
1561,2745,,
5792,5745,2,300
11593,10643,2,360
1165,1738,2,600
12233,12242,2,300
10892,12655,2,180
6958,1334,2,480
4936,6081,,
9136,8640,2,300
1858,1394,,
797,650,,
11606,972,2,300
8749,8683,2,300
6884,6838,,
7025,1329,2,360
11078,5474,2,360
859,95,2,360
11288,11246,,
11288,11269,,
5815,5183,2,300
12331,12609,2,360
2761,2414,,
11260,11258,,
8052,6984,,
4218,4391,2,360
1754,908,,
8673,8743,2,420
3057,12074,2,300
5498,11078,2,360
10400,12036,2,60
11124,6019,2,300
859,78,2,420
4568,10867,2,120
5359,5346,,
10915,2252,,
10860,12230,,
5122,5793,,
8746,8691,,
7727,7743,,
3443,8818,,
1143,887,,
6174,11704,2,360
4412,4599,2,360
2799,10429,,
4845,6080,2,120
9291,12196,2,360
10881,5769,2,300
40,35,,
1187,1186,2,300
11940,11943,,
8021,3334,2,120
11095,906,,
3633,2349,2,360
3204,8032,2,120
7166,7095,2,120
11243,11295,2,300
8051,10429,,
1031,12631,2,300
5777,5761,,
6340,11704,2,420
12409,12411,,
8063,8978,,
12716,6753,,
9952,10972,2,120
10701,10189,2,360
8753,1091,2,300
4163,452,2,120
10132,3784,2,300
10885,10886,,
5629,5557,,
3973,3801,2,300
8028,7777,2,120
11593,10644,2,300
452,4119,2,120
2671,2761,2,120
8742,1782,,
12588,10029,2,420
7643,3394,,
5040,5039,2,360
6340,6174,2,420
8064,11716,,
5633,6000,,
7707,7682,2,300
4414,4353,2,360
5954,5803,,
5935,6015,2,300
8071,1832,,
4301,4191,,
11719,11715,,
5250,5069,2,360
11525,11535,2,360
6727,7591,2,120
11739,11736,2,300
7672,7714,2,300
744,12168,2,300
3133,3613,2,300
3831,3856,2,300
11332,12516,2,360
96,4494,2,420
2955,2860,,
8031,3816,2,120
2160,1329,,
317,361,2,300
5253,4961,,
5593,5743,,
4107,4080,2,300
10881,5045,2,300
3533,3053,,
11704,6195,2,480
2328,2648,,
5708,5641,,
6727,7468,2,120
1832,1615,,
8021,11229,2,120
12669,812,2,300
4471,10865,,
5615,4925,2,360
6908,6587,,
6456,11764,2,360
955,678,,
8040,9128,2,360
5464,5593,,
195,812,2,300
3334,3904,,
4224,4061,2,300
5997,4939,,
10929,2252,,
10819,10764,,
12227,8672,,
12209,3243,2,300
3204,7643,,
11403,8640,2,300
1061,1544,,
12632,1031,2,300
3195,12647,,
5661,5673,,
7827,8024,2,120
10799,11281,2,300
12535,4495,2,360
12586,11283,2,300
2263,1442,,
6478,5410,2,360
6741,6921,,
4143,4381,2,120
5621,5585,,
5509,5464,,
6895,6637,,
1151,1355,,
1042,11013,,
6881,6600,,
8679,8659,2,120
10873,1761,2,120
60,569,2,300
423,1525,,
11,11542,,
8755,8685,,
5183,5180,2,420
4381,4067,2,120
11303,35,2,420
1477,1393,2,300
7827,12498,,
8074,1286,2,360
8672,8685,,
30,11522,2,600
9564,6646,,
5138,11128,,
1856,410,2,360
4845,5093,2,120
10468,11274,2,420
10648,12424,2,300
6480,5776,2,300
3207,12232,2,360
2692,2477,,
10429,3023,,
11258,10360,,
8029,7658,2,120
6113,5285,2,300
5242,6728,2,360
5591,5706,,
5715,11134,,
6124,6028,2,300
1361,924,,
12231,11943,,
5700,5743,,
11860,6077,,
5826,5288,2,480
4067,12688,2,120
5509,5633,,
3779,3822,,
4341,4342,,
11132,5651,,
11801,11811,,
6340,6088,,
6456,5667,2,120
8074,181,,
1546,1728,,
12535,11774,2,360
10886,10885,,
9435,10747,2,360
11909,2266,,
3195,3204,,
1254,709,2,300
2539,8069,,
5593,11860,,
12207,6730,2,600
11441,11302,2,360
10400,97,2,60
409,9128,2,360
2630,2477,,
2799,2692,,
3815,3731,2,300
8324,6631,2,360
6563,6858,2,300
5629,5998,,
40,8019,2,480
1387,1482,2,300
12233,12240,2,300
9582,8617,2,300
2622,3094,,
12721,11403,2,300
5122,10880,,
3478,8022,2,120
12227,8755,2,300
3023,8066,,
10967,549,2,360
10694,11475,2,480
189,35,2,360
5465,5743,2,480
12721,9136,2,300
4067,4381,2,120
11357,11278,2,300
75,11542,2,480
12585,11282,2,360
6590,9564,,
11524,4495,2,300
6103,6126,2,360
2054,815,,
213,10967,,
10891,10888,2,180
8672,8688,,
4599,4447,,
5860,9929,2,300
6456,5793,,
12717,6512,2,300
5960,5295,2,360
4163,4119,2,120
11311,11274,2,420
8854,11704,2,360
11808,11802,,
665,666,,
10865,4568,,
7166,7207,2,120
5341,5376,,
6459,5456,,
2051,11285,2,300
8075,82,2,480
10567,3719,2,480
5436,8854,,
8028,12580,2,120
3334,11229,,
8021,3927,2,120
8034,11302,2,480
8049,12405,,
1892,9061,,
8021,3904,2,120
9701,9665,,
10591,11534,2,300
5542,6088,2,360
5055,5678,,
9592,9591,,
8044,11589,2,300
215,547,2,300
366,314,,
4471,8037,2,120
12207,12206,2,300
8679,8748,,
11739,12386,,
8674,8673,,
4143,10873,2,120
12228,12211,,
8072,12556,2,300
12625,301,2,300
12717,11295,2,300
114,56,,
8746,8657,,
1254,1130,2,300
838,12668,2,300
2836,1875,,
6781,8283,2,600
6805,9560,,
793,11022,,
329,12721,,
9052,8622,,
6139,6195,2,360
10034,9952,2,300
8049,2833,2,300
6895,6600,,
3518,8820,,
3518,3410,,
1171,1170,2,480
3056,9494,2,420
11268,11248,,
8038,189,2,540
1771,4003,2,360
10329,2725,,
801,1992,,
4371,4218,,
423,11280,2,300
11807,11798,,
6733,6731,2,360
1061,1570,,
317,318,,
6080,4939,,
6467,5122,2,120
3394,7643,,
4560,4360,2,480
5127,5659,,
859,11302,2,480
4015,4055,,
7140,12437,,
2646,3624,,
5037,5725,,
6646,9580,,
2409,6086,,
1139,1160,2,360
11268,11288,,
11805,11810,,
8034,8039,2,300
287,860,2,300
1743,11323,,
11126,12196,2,360
10034,10971,2,300
10468,11311,2,300
2326,1429,,
2023,1659,,
7100,9492,,
5553,4939,2,120
3066,3054,2,360
6464,5585,,
5567,4933,,
8047,12537,,
10619,782,,
11075,9023,,
11127,5067,,
10888,10890,,
2742,963,2,300
2058,774,2,300
3333,3954,2,300
4067,451,2,120
10879,10882,2,300
1013,98,2,600
10812,1988,,
5535,5441,,
6605,6608,2,360
11256,11288,,
8044,972,2,300
178,9067,,
5792,5937,2,360
11088,12548,2,360
409,8040,2,300
10360,11221,2,480
3023,2799,,
744,12626,2,300
2325,2444,,
709,659,2,300
10880,5768,2,360
11248,11788,,
248,1583,,
12406,8049,2,300
5991,2410,,
1888,2939,2,300
12228,3243,2,300
11337,11274,2,360
7095,7259,2,120
5659,5127,,
4067,10873,2,120
11807,11801,,
6991,6959,,
11311,11337,2,300
2221,2167,2,300
8754,11589,2,300
8050,10202,,
12682,12687,2,300
11208,6802,,
10880,5668,,
8928,7073,2,300
11526,8041,2,360
4567,4500,2,360
11290,8604,2,300
12600,12359,2,300
4204,12687,2,300
6088,11704,2,360
1530,169,,
12231,11940,,
12681,8040,2,360
10399,4882,2,360
7446,7493,,
12231,12332,,
1537,1308,,
8485,8282,2,360
318,674,,
8057,5768,2,300
8640,9136,2,300
11227,10360,2,480
10948,5890,,
1519,210,,
3608,10068,2,420
5593,5700,2,180
2477,2799,,
189,95,2,300
5295,5919,2,300
11523,11272,2,300
6572,9634,,
6467,5494,,
4018,4053,2,360
6456,8060,,
10568,3723,2,480
11256,11248,,
11258,11276,2,360
80,81,2,360
7742,3064,2,420
6691,9574,,
12168,646,,
12234,3067,,
8691,8685,2,180
12204,7296,2,300
12134,797,,
11523,4494,2,420
2971,2928,,
6068,6470,2,360
5389,5325,,
1971,1027,2,300
12567,8750,2,300
1846,1211,2,420
10959,1896,2,420
9311,9255,,
12596,12609,2,120
8578,10564,,
448,450,2,300
10819,4750,,
8747,9952,,
8922,10412,2,360
2477,2630,,
9293,12196,2,420
7736,8023,,
1461,2553,,
2648,2261,,
8673,9505,,
6753,11707,2,300
11287,11251,,
11129,5138,,
11874,11876,2,300
8060,5769,2,300
8032,3906,2,120
11248,11267,,
8467,4711,,
12036,8041,2,420
8068,12405,,
8024,12498,2,120
2047,151,,
11629,5077,2,480
3904,3927,,
9306,7102,2,300
8065,2397,,
8490,6482,2,360
2717,8049,2,360
12330,415,2,300
3076,3401,2,480
12395,6095,2,300
6682,2098,2,480
584,405,2,300
11801,11808,,
7656,7729,2,300
3195,3533,,
5815,11664,2,360
11535,4494,2,360
4961,5253,,
767,1018,,
11715,11710,,
410,12375,2,420
5601,5621,,
1648,1187,,
3548,3140,2,300
8758,8697,,
3973,12028,,
545,218,2,360
4879,405,2,480
11882,5262,,
1116,12631,2,300
1643,1659,,
8044,11606,2,300
8074,10480,2,300
11273,11523,2,300
8043,181,,
7658,7743,,
5862,5844,,
2264,11204,,
4959,5133,,
11277,10360,2,300
1709,963,,
8057,5891,2,300
8032,3053,2,60
177,238,2,300
902,1092,,
486,11087,2,300
11252,11286,,
12235,3927,,
11275,11311,2,360
9199,9186,,
6195,6088,,
6840,6608,2,420
8056,5844,2,300
8573,8577,,
365,1604,2,360
11087,2119,2,360
4143,12688,,
887,8622,2,300
4568,989,,
5769,5122,2,120
10961,10958,2,300
5285,6113,2,300
5065,5255,2,300
1728,1567,,
5474,11078,2,360
8052,3535,,
3195,12235,,
1697,911,,
8687,8746,,
8640,11403,2,300
11798,11810,,
40,8039,2,300
1775,1761,2,120
10259,10252,2,300
8936,7200,2,300
11535,8035,2,600
8046,12393,,
11216,11695,,
78,8019,2,600
96,11616,2,300
8066,2799,,
10873,1775,2,120
12227,8689,,
10034,8747,,
10400,10399,2,120
1553,1559,2,300
2692,10429,2,120
9299,10835,,
10948,7639,2,120
3533,3906,,
7643,3769,,
10745,994,,
11911,1444,,
5700,11860,,
25,11427,,
10865,8037,2,120
8140,1709,2,120
31,4496,2,300
3532,3401,2,480
8852,9572,,
5955,5830,,
11221,11260,2,420
11095,8761,2,300
9397,3731,2,300
4143,451,2,120
5256,5869,,
9530,674,,
5465,5700,2,480
31,11523,2,540
3695,9397,2,300
1173,2761,,
12650,9720,,
6459,5516,,
11606,1231,,
11806,11811,,
10823,12054,,
397,1379,,
9052,888,,
8042,11495,2,300
12231,12020,,
4296,4248,2,300
9505,8673,,
5509,5593,,
8033,11942,2,120
3401,8350,2,480
5927,5945,,
10879,4018,2,300
11877,11874,2,360
3904,11229,,
11441,8019,2,480
11260,11227,2,420
10891,10885,2,180
10336,10339,,
8747,10971,,
911,1721,,
2023,9989,,
6456,8057,,
4403,4560,2,420
3023,2630,,
6103,12260,2,300
181,8043,,
8038,859,2,480
11007,1350,,
3314,3954,,
3056,7742,2,360
6734,12205,2,360
5436,5542,2,300
4936,4922,,
1550,1793,,
5352,7207,,
6467,5769,2,300
8683,10018,,
7865,12481,2,360
2477,8066,,
11765,11716,,
11882,10881,,
12318,2742,2,300
6195,6340,2,300
7672,9652,2,300
151,2047,,
8068,2833,2,300
12209,12211,,
451,10873,2,120
2081,584,,
40,11302,2,360
6532,7001,2,300
8060,5262,,
2227,1327,2,540
7662,7828,2,300
11805,11807,,
5644,5690,,
8697,8758,,
669,668,,
4881,4495,2,480
11283,11103,2,300
3331,12267,2,300
4471,4459,,
1300,10374,2,420
11403,545,2,300
6340,12543,2,360
11882,6467,,
1307,1151,2,360
6951,8385,,
1709,8139,,
451,4381,2,120
12537,1801,,
4163,4474,2,120
1242,437,2,600
1173,8068,2,300
8691,8688,,
11274,10468,2,420
1555,1404,,
12478,9547,2,300
5505,5697,2,360
5725,5052,,
3084,3402,2,420
1301,892,,
11276,11258,2,300
7199,7187,2,360
11542,26,,
5935,5938,2,300
2101,6949,2,300
2742,1387,2,300
1387,2742,2,300
12207,12220,2,360
9307,8535,2,420
11114,7645,2,540
12717,11707,2,360
9570,6691,,
12681,8535,2,360
1586,11280,2,300
8854,6340,,
11805,9597,2,600
3317,11827,2,300
10399,11526,2,300
7743,8029,2,120
5274,6060,2,300
5633,5700,,
11860,5464,,
5697,5505,2,360
3334,3927,,
834,1992,,
8076,9129,2,480
11352,11278,2,300
1824,2032,,
9989,1643,,
10799,1586,,
7658,8024,2,120
4381,452,2,120
7464,7475,2,360
8045,1572,,
5404,10642,2,300
7525,7563,,
6467,5045,,
6725,6942,,
4568,8037,2,120
31,8040,2,360
3478,8031,2,120
6088,6174,2,360
1173,12405,2,300
358,359,,
11289,11268,,
1907,12626,,
7768,8025,2,120
10251,10260,2,300
2325,2264,,
1567,1728,,
5464,6077,,
6214,6154,,
3856,3898,2,360
11405,11408,2,480
12173,7095,2,300
1016,11523,2,360
4163,1775,2,120
5341,5365,2,300
6133,9062,,
255,155,2,300
1775,4163,2,120
5332,11331,2,360
4674,4644,,
12409,2671,2,300
1907,744,2,300
5360,5345,,
3478,3385,,
11282,12585,2,360
2630,2692,2,120
1347,713,2,300
10467,12026,2,480
8697,10018,2,300
12535,8041,2,480
1266,1846,,
11860,5633,,
12556,8072,2,300
2396,10854,2,480
11135,5781,,
1510,122,2,300
1572,695,,
9179,3944,2,300
7851,12470,,
1173,2833,2,120
8036,10867,2,120
5509,6077,,
8575,8574,,
11876,11875,2,300
8032,3334,2,120
983,1857,2,420
11270,11288,,
8068,1173,2,300
8687,8755,,
11318,11114,2,600
3064,3825,2,480
736,955,,
5464,6000,,
12122,4340,,
10360,11227,2,420
3904,12234,2,360
8076,11525,2,360
9296,11264,2,300
2321,2268,,
76,8535,2,480
12637,10308,2,300
10310,7666,2,420
9112,4882,2,360
11940,11941,,
7493,7533,,
11875,11874,2,360
7658,12498,,
11805,11801,,
8029,7827,,
12667,1130,2,300
9112,76,2,480
9543,4463,2,300
3593,3515,2,360
2688,2696,,
11247,11243,2,300
11710,11715,,
9511,12588,2,360
3394,12647,,
9721,5854,,
2799,8051,,
3024,2955,,
10132,3198,,
6195,6174,2,420
1198,665,,
5456,11074,,
11280,10799,2,300
8020,12230,,
1312,11007,,
11794,12363,2,300
184,1283,2,420
503,1244,2,300
11260,11276,2,300
11801,11799,,
12636,7745,2,300
12020,12332,,
8755,8688,,
486,11279,2,360
8760,8674,2,300
11810,11807,,
8031,3822,2,120
3108,2959,,
3298,3317,2,420
7656,10277,2,300
9023,11075,,
12406,1173,2,300
11137,5918,,
8367,8412,,
984,12681,2,420
2766,1393,2,360
11011,1312,,
10915,3535,2,120
5122,11882,,
8578,8575,,
10331,2021,2,300
3517,3412,2,300
11588,8073,2,300
3198,3975,2,300
8759,11876,,
860,392,,
10068,10440,2,480
11280,1525,2,300
11798,11807,,
1308,1576,,
774,1977,,
12681,4496,2,360
11129,8542,,
3533,3769,,
11248,11253,,
5997,4845,,
3401,3046,2,480
4459,8037,2,120
8032,3394,2,120
11998,11032,,
8854,6174,,
11674,1736,2,300
11754,10629,,
31,11535,2,600
8757,8659,,
5410,5285,2,300
906,1721,,
7100,5336,,
5111,5059,,
11279,11087,2,300
10745,11285,2,300
1617,1190,2,300
8020,11941,2,120
10375,12725,2,540
1838,2032,,
1525,11281,2,300
4239,4231,,
5042,12155,,
12318,1482,2,300
10673,11593,2,360
6808,6587,,
2118,881,2,300
8060,5045,,
12026,10513,2,360
5007,11895,,
31,8077,2,360
6919,6944,,
3822,8022,2,120
3204,8021,2,120
8687,8672,,
11714,8053,,
8854,6088,2,360
8038,95,2,600
10947,4461,,
8366,8368,2,360
8065,2203,,
7727,12498,,
6902,9577,,
8071,1065,,
7644,12043,2,420
1522,460,,
12626,12625,2,360
11909,2323,,
8021,7643,2,120
1350,11007,,
6019,11123,,
11588,8763,2,360
11874,8750,,
4416,4350,,
1327,2160,2,600
11281,1586,2,300
8910,11875,2,360
6174,5436,,
9052,1143,2,360
11678,11708,2,300
5352,7259,2,300
4360,4560,2,480
3903,3826,2,420
12234,12321,,
35,8019,2,480
6480,5762,,
5122,5891,,
8573,10564,,
6823,9582,,
4939,5553,,
8038,78,2,600
1761,4163,2,120
706,11009,,
5553,4845,2,120
11289,11248,,
6174,8854,2,120
9136,11403,2,300
8068,12411,2,300
1519,9124,,
5019,5074,,
3478,3806,,
1721,906,,
5542,6340,2,360
11441,96,2,360
8024,7658,2,120
842,11010,,
10435,8043,2,300
5350,9412,2,360
8578,8552,,
5288,5805,2,360
77,11616,,
5230,4939,2,120
10648,10647,2,360
1065,1615,2,120
11260,10360,,
11806,11808,,
12235,11229,,
11123,6073,,
3975,3784,2,300
10141,9174,,
1231,8044,2,300
6630,11293,2,480
463,11014,,
2444,11204,,
12688,451,,
2261,2639,,
10736,12104,2,360
11535,8041,2,420
3394,3533,,
8936,7186,,
11289,11288,,
12065,12063,2,360
10893,7828,,
11349,10745,,
11940,12230,,
1120,2062,2,300
985,4882,2,300
4965,10897,2,480
11798,11801,,
12205,6730,2,360
8032,3769,2,120
12665,12666,2,360
11303,12138,2,480
11016,56,,
2472,1451,2,360
11010,793,,
7166,7259,2,120
1537,1354,,
11592,5287,2,360
8075,11495,2,300
3533,3394,,
9240,7644,2,360
3428,2738,2,300
210,1592,,
968,1046,2,300
96,4881,2,360
4537,4407,,
10867,8037,2,120
11279,2119,2,300
11875,11877,2,300
11877,8759,2,360
3058,3062,2,300
10196,10374,2,300
11674,8563,,
310,370,,
810,10439,2,300
11274,11310,2,360
12548,11088,2,300
10148,10150,,
963,12318,,
287,202,2,300
1092,915,,
10886,10888,,
1379,591,2,300
981,635,2,480
3046,3076,,
8757,8679,,
8076,4881,2,420
3155,12210,,
2928,2971,,
789,1580,,
235,8074,,
8139,1482,,
4427,4329,2,360
5183,9720,2,480
8916,1231,,
3204,3195,,
1977,774,,
10631,11279,2,360
470,9136,2,300
2860,2955,,
35,8039,2,360
8049,12411,2,300
1190,1683,2,300
9952,10034,2,360
11710,11718,,
12209,12228,,
1643,9989,,
4018,4228,2,300
9255,9311,,
5666,5668,2,360
12478,10148,2,300
4381,4119,2,120
702,1538,,
1361,9051,,
1586,10799,,
11132,5683,,
12749,9052,2,300
3298,11827,2,360
3140,3613,2,300
12497,5382,2,300
8687,8689,,
2264,2325,,
985,11523,,
3904,8032,2,300
8043,1286,2,300
8058,6468,2,360
10196,1300,2,480
706,11015,,
11283,12586,2,300
11270,11268,2,120
1907,12168,,
297,12663,2,300
10929,6984,,
8049,1173,2,300
11275,11337,2,360
2058,863,,
11130,5025,,
5756,11135,,
11529,2738,2,360
10972,8756,,
8575,8577,,
10880,6467,,
6068,6479,2,300
12669,454,2,300
361,317,2,300
10349,10335,,
6006,6470,2,300
3153,3245,2,360
4882,11272,2,420
887,1143,,
718,650,,
6753,11295,,
8057,6467,,
859,8019,2,480
5633,11860,,
7650,8023,2,120
12535,985,2,360
2234,142,2,360
11243,6753,,
5446,5526,2,360
95,11535,2,360
850,1147,2,360
5034,5656,,
10251,10692,2,300
1218,2000,,
669,11623,,
5122,5768,,
7719,10310,2,420
6969,6987,2,360
9577,6874,,
189,78,2,360
2630,10429,,
12235,3904,,
869,1018,,
3984,10138,2,300
11638,11534,2,360
1709,1387,2,300
12584,11103,2,300
5637,5467,2,300
1509,124,,
11805,11798,,
8063,8054,,
8078,8035,2,600
2010,1641,2,300
9124,1519,,
3317,10436,2,360
8687,12227,,
11962,7645,2,540
12406,12411,2,360
31,984,2,300
3633,12291,2,300
6088,12543,2,360
5844,8061,2,300
6174,5542,2,300
9683,9684,,
549,10966,,
11247,11707,2,300
8762,1091,2,300
7591,7468,2,120
12492,6186,2,300
12625,378,2,360
10961,1896,2,420
10966,213,,
12066,12064,2,360
3198,10132,2,300
12725,10374,2,480
11088,486,2,300
4939,5244,,
8483,8283,2,360
8038,10400,2,600
11765,11710,,
3334,8032,2,120
12666,1186,2,300
1561,1552,,
7108,7106,2,300
1173,12411,2,300
11243,11247,2,300
8025,7768,2,120
12054,10819,,
6230,6351,,
11802,11806,,
8654,11592,,
1761,4143,2,120
2146,2240,2,300
8031,3779,2,120
7727,8024,2,120
11270,11248,,
199,860,2,300
11273,8535,2,540
4403,4569,2,300
1354,1537,,
8638,4611,2,300
10885,10887,,
12074,3057,,
10865,4242,,
1996,2039,,
6823,9562,,
10755,1493,2,360
2717,2671,,
410,1856,2,300
2717,12409,2,300
6173,6139,2,360
4242,10867,2,120
2671,2833,2,120
11860,5593,,
452,1775,2,120
8703,9510,2,360
8886,3373,,
3533,3334,,
11704,5542,2,300
11808,11799,,
454,12669,2,300
4055,4015,2,300
5656,5055,,
801,2044,,
8029,7727,2,120
7827,7658,,
8703,10028,2,480
96,8041,2,420
10860,8020,2,120
8024,7827,,
10034,8756,,
2054,758,,
6456,10880,,
10865,4471,,
650,797,,
5729,11134,,
12036,8035,2,600
12535,9129,2,360
11801,11802,,
11285,10745,2,300
3878,3856,2,360
1857,409,,
11137,5961,,
1429,2326,,
11126,9291,2,360
7643,3904,,
1401,8750,2,360
3243,12210,2,300
1231,8754,2,300
934,9054,2,300
7207,7214,,
2610,1168,,
12173,5352,2,300
902,1055,,
6455,4939,,
3855,3831,2,360
5431,6089,2,360
8038,35,2,480
3869,3825,2,480
1190,1617,2,420
12020,11943,,
10591,8042,2,360
659,12667,2,300
10021,8680,2,360
5769,5045,,
10880,5262,,
11088,11352,2,300
1736,12537,2,300
695,12556,2,300
2354,2339,,
8622,779,2,480
11022,793,,
8758,8683,2,300
8754,8913,2,360
826,746,,
1071,1070,,
1482,2742,2,300
5708,5693,,
9849,6987,2,420
5811,5820,,
405,4887,2,480
11303,8039,2,360
5431,5548,2,360
7025,2160,,
10969,314,,
8076,11774,2,420
6354,6343,2,300
8755,8691,,
3373,8886,,
1589,341,,
12234,3769,,
4939,5230,,
8916,8044,2,360
2761,2833,2,120
10881,5667,2,300
12523,10352,,
1231,11588,2,300
8750,11874,,
6154,6214,2,300
8542,11128,,
8820,8847,,
5494,5793,2,120
1633,12691,2,300
1977,863,,
6456,5891,,
7102,6475,2,360
11288,11788,,
3207,12233,2,360
10429,2477,,
11879,12567,2,360
8573,8552,,
8062,5148,,
12227,8687,,
10860,12022,,
8036,989,2,120
744,301,2,300
1170,12336,2,480
888,12749,2,300
5335,5381,2,300
10034,10972,2,300
3904,8021,2,120
8073,1231,2,300
12205,6734,2,360
8052,5989,,
2807,2791,,
351,603,,
10018,8697,2,300
2222,2166,,
7093,7097,2,300
11882,5045,,
31,11272,2,540
3077,3045,,
11940,11942,,
2476,2478,2,360
8053,11718,,
11929,4329,2,360
10891,12655,2,180
12716,11243,2,300
6456,5768,,
11877,1401,2,360
10294,10893,,
113,11016,,
12228,3155,,
1160,1186,,
11294,11243,2,360
2692,8051,,
12516,11331,2,360
4130,4100,,
2119,11279,2,300
2326,1444,,
8283,8483,2,360
6706,8282,2,300
11284,2051,2,300
1992,801,,
6736,7591,2,120
8746,8755,2,120
11288,11267,,
8022,3385,2,120
7727,7827,,
2671,1173,2,120
3723,10568,2,480
155,255,2,300
9112,8077,2,420
11268,11246,,
1231,8073,2,300
7719,10299,2,420
8860,8752,,
11103,12584,2,300
3410,3518,,
6004,5801,,
3334,7643,,
1391,1479,2,300
4228,10879,,
11010,842,,
11866,11867,2,300
2478,2429,,
3108,2948,,
1430,11682,,
3428,231,2,300
12235,3195,,
8053,11712,,
1572,8072,,
9380,3903,2,480
3816,3478,,
11798,11811,,
5675,5127,,
1027,2062,,
452,1761,2,120
11014,463,,
663,11015,,
4939,5997,,
202,392,2,300
10929,3535,2,120
12626,12168,,
8854,5436,,
10363,179,,
11906,2266,,
1833,1133,2,300
2156,10439,2,300
11878,8750,2,420
3656,2349,2,360
892,1361,,
1592,210,,
8077,8535,2,300
4568,4459,,
9560,6805,,
8034,938,2,480
5860,5845,2,360
8024,7727,2,120
12666,1187,,
318,317,2,300
12020,11941,,
8070,12537,,
31,10399,2,480
11876,8759,2,360
3086,11443,,
11022,842,,
6039,6038,2,360
8679,8757,,
8047,1801,2,300
8573,8575,,
1442,11682,2,300
1258,2000,,
11076,9022,,
1761,4381,2,120
10299,7719,2,480
1761,10873,2,120
30,193,2,1200
10591,411,2,480
11810,11811,,
4043,10882,2,300
3195,3067,,
11589,1231,,
12665,1186,2,300
5465,11861,2,600
96,78,2,300
3423,3637,2,360
8076,4495,2,480
11268,11289,,
3480,11108,2,300
1980,815,,
8071,1615,,
12600,11793,2,420
6114,5828,,
3904,7643,,
8672,8657,,
11113,110,,
10855,11681,2,360
5567,4925,,
7259,7214,,
9339,9338,2,300
646,12626,2,300
4381,1775,2,120
8755,8657,,
8064,11714,,
5183,11664,2,420
3904,3195,,
11523,9129,2,360
847,1533,,
11441,11526,2,360
407,4887,2,360
9580,6646,,
4143,4067,2,120
8025,12580,2,120
745,12027,,
8853,8735,,
12234,12322,,
6173,6357,2,360
4065,4391,,
1679,9987,,
11077,5474,2,360
8674,8751,2,300
1873,1877,,
7591,6727,2,120
8051,2630,,
8052,10915,,
11606,8073,2,300
31,409,2,360
2160,1327,2,600
8747,8756,,
4407,4537,,
4329,4500,2,300
1586,423,,
10880,5494,,
77,10400,2,300
8033,12332,2,120
155,11622,,
4112,4144,2,300
12717,6753,2,300
666,665,,
8752,11095,2,300
12548,11278,2,360
2444,2325,,
2917,3024,,
689,690,,
11805,11802,,
12168,744,2,300
1824,2004,,
423,11281,2,300
7742,3872,2,480
12235,12647,,
12688,4119,2,120
6475,10199,2,360
4360,4569,2,300
8032,11229,2,120
5830,5955,,
6174,6195,2,360
6051,11076,,
11123,6019,2,300
9062,6133,2,300
11719,11710,,
4471,4242,2,120
4654,4832,,
12036,11302,2,420
744,1907,2,300
1337,2227,2,480
9926,5861,2,300
1793,1563,,
8057,5494,,
9112,8535,2,360
5998,5628,,
11664,5183,2,360
12665,1160,2,300
251,11500,,
591,1379,,
5919,5295,,
6039,10701,2,360
3533,3927,,
6340,8854,2,360
3533,3904,,
12567,8759,2,300
276,607,2,360
12065,12064,2,360
938,11438,2,360
9530,317,2,300
11523,985,,
6080,4845,,
11801,11806,,
9524,10148,,
11311,11275,2,420
11535,4881,2,480
8408,7646,2,360
11529,231,2,300
737,742,2,300
3548,3613,2,300
10819,4722,,
7150,5345,2,300
1697,906,,
12036,4495,2,480
12671,12663,2,300
5021,5140,,
2622,2528,2,300
6736,7468,2,120
5494,5667,2,120
11021,463,,
8078,35,2,300
9043,1888,,
7643,8032,2,120
7100,10629,2,360
10592,11407,,
5756,5797,,
10360,11276,2,300
4845,4939,2,120
10885,10890,,
1120,1971,,
8746,8672,,
3822,8031,2,120
3386,3532,2,420
10144,9848,2,360
11088,11278,2,300
11632,155,,
8751,9505,2,300
8022,3806,2,120
4459,4471,,
10873,4163,2,120
337,11014,,
4461,11867,,
9365,3842,,
1510,1276,2,300
11288,11250,,
11021,337,,
11535,35,2,480
7643,12234,,
317,9530,,
5661,5837,,
11606,8754,2,300
1443,1430,2,300
1018,869,,
11009,706,,
5025,11127,,
1172,1175,2,480
10892,10887,,
5230,4845,,
8066,3023,,
12717,11247,2,360
4204,4212,2,300
1775,4143,2,120
6006,6479,2,300
12155,5042,,
12537,11674,,
181,235,,
8577,8574,,
10855,10854,2,480
1334,6992,2,480
11078,5498,2,360
189,11302,2,420
6704,6768,2,420
859,11526,2,420
3784,10132,2,300
8031,3728,2,600
5651,11132,,
4194,3994,2,300
6215,6153,,
8743,8674,2,360
5803,6114,,
10891,10886,,
7478,7461,2,360
10929,8052,,
7081,7177,2,300
4915,4849,,
7742,3056,2,480
5633,5743,,
8578,8561,,
10866,10867,2,120
10948,8055,,
4427,11929,2,360
1622,9987,,
12209,3155,,
331,470,2,300
10673,10643,2,300
5274,5419,2,300
545,8640,,
12264,9178,,
6734,6730,2,360
9339,9344,2,300
1173,8049,2,300
359,358,,
6456,11882,,
235,8043,,
3822,3806,,
8622,9052,2,480
4087,4131,,
5025,11130,,
7468,7635,2,120
7444,7503,,
76,9128,2,480
8756,9952,,
11793,12363,2,300
4939,6455,,
10881,5793,2,300
1596,1108,,
8691,8746,2,300
6753,11247,2,300
6566,6802,,
8575,10564,2,120
1031,12632,2,300
11553,10399,2,300
12721,329,2,300
10399,12036,2,180
10888,10885,,
5700,11858,,
6466,6175,,
6838,6884,2,300
12688,4474,2,120
11247,11295,2,360
322,110,,
994,2051,,
8750,11877,,
11598,11604,2,360
2955,3024,,
1316,713,2,300
8033,11940,2,120
7145,10629,2,360
3628,2513,,
11810,11808,,
2639,2328,,
6107,6120,,
2646,3536,,
12348,11429,,
31,9128,2,300
12409,2523,2,300
4016,4054,2,300
6195,5542,2,360
2742,1482,2,300
10880,5122,2,120
96,10400,2,360
695,8045,,
1387,1709,2,300
5585,6464,,
8057,5122,,
12239,12208,,
11403,331,2,360
7468,5216,2,120
11592,5288,2,360
10427,6236,,
6219,6149,,
10880,10881,,
1055,902,,
5072,5104,,
8057,10881,,
4459,4242,2,120
10880,5769,2,300
1554,1558,,
5336,8989,2,600
7468,6736,2,120
8055,5148,,
11798,11808,,
12580,8025,2,120
10866,989,2,120
8659,10021,2,480
4323,4304,,
277,276,2,480
5593,5509,,
1604,1504,2,300
4228,10882,,
1596,1039,,
8748,8680,,
8053,11715,,
10865,10866,,
11087,11357,2,360
8746,8689,,
1648,12666,2,300
12749,2120,2,300
3613,3133,,
12234,3334,,
9524,9547,,
8847,3518,,
5826,11592,,
7768,8028,2,120
12209,12229,,
4939,6080,,
2349,3656,2,360
7827,7727,,
834,2044,,
4297,4247,,
11664,9720,,
12026,12329,2,360
1482,1709,2,120
1151,1307,2,360
5287,11592,2,360
11074,5456,,
8021,3195,2,120
11427,25,,
3195,3906,,
2355,11555,,
10860,11942,,
2477,3023,,
2414,2761,2,120
8140,12318,,
2430,2434,2,300
8051,2799,,
12696,4830,2,300
9505,8674,,
569,110,2,60
5042,8059,,
8065,2252,,
11268,11266,,
898,690,,
9543,4489,,
9505,8751,2,300
10300,12638,2,300
3822,3385,,
5138,11129,,
76,8040,2,420
2170,9099,,
8818,3443,2,300
485,418,2,300
5117,5659,,
810,827,2,360
11623,668,,
972,8044,2,300
11076,6051,,
2623,2489,2,300
2062,1120,,
11303,96,2,420
3180,3218,2,300
1379,397,2,300
5074,4949,,
3385,8022,2,60
1016,11535,2,120
2153,142,2,360
6470,6068,2,300
3779,8022,2,120
11288,11253,,
5494,11764,2,300
10860,12231,,
591,397,,
5055,5656,,
1980,758,,
2325,11204,,
4301,4243,2,300
4243,4514,,
11074,5516,,
963,8139,,
7169,5345,2,300
414,2737,2,300
12667,1254,2,300
5532,5444,,
11765,8064,,
56,11016,,
11527,11438,2,300
3865,9388,,
12600,12085,2,360
12155,5048,2,480
4644,4674,,
12498,8029,2,120
10352,12523,,
4459,4568,,
1329,2160,2,360
11014,337,,
11280,423,2,300
11535,95,2,360
8756,10971,,
10892,10890,,
96,35,2,480
11254,11398,2,360
11940,12022,,
5509,6000,,
1833,1076,2,300
6478,5285,2,360
1683,1190,2,300
256,11632,,
9551,1018,,
11535,78,2,420
78,938,2,360
185,231,2,300
3195,3053,,
1988,10812,,
169,1583,,
5540,6341,2,360
96,11774,2,420
663,11009,,
8989,11232,2,300
10873,4143,2,120
9720,11664,2,300
892,1301,,
5557,5998,,
8679,8680,2,120
8691,8657,,
9582,6823,2,300
199,202,2,300
6675,9570,,
4722,10819,,
314,10969,,
6455,4845,2,120
397,63,,
451,4067,2,120
2847,2971,,
11714,11718,,
8746,12227,,
1692,1567,,
3968,3979,,
1301,924,,
4163,1761,2,120
8038,11302,2,480
8057,5262,,
11802,11807,,
11932,8483,2,540
12227,8690,,
11524,4882,2,360
11707,11243,2,300
646,744,2,300
12267,3331,,
497,676,2,300
10429,2692,2,120
3449,3565,2,420
1071,1156,,
11204,2444,,
4569,4403,2,300
1761,451,2,120
8672,8746,,
8025,7777,2,120
11009,663,,
5700,11861,2,300
2118,933,,
2261,2648,,
646,12168,,
3129,2836,,
6107,11905,2,300
4138,4164,2,300
7643,3927,,
8622,857,2,360
5762,6480,,
151,1988,,
561,287,2,300
10644,11593,2,300
8760,9505,2,300
1231,8763,2,300
1832,12393,,
8030,11559,2,120
8691,8689,2,180
1477,1394,2,300
6908,6648,,
10468,11275,2,420
11276,10360,2,300
4640,4678,,
5464,5700,,
5769,11764,,
12537,8047,,
11628,5016,2,480
12537,8070,,
10305,10300,,
460,1522,,
8989,9492,2,480
8033,11943,2,120
1013,10424,2,300
2630,8051,,
8710,2881,2,120
4143,4119,2,120
8674,8760,2,300
4504,4517,,
11429,25,,
2941,2847,,
859,12036,2,420
10492,8075,2,420
8139,1709,,
11289,11246,,
8759,11874,,
8052,2397,,
4061,12696,2,300
3904,12235,2,300
1828,1076,2,300
2051,11349,,
3779,3806,,
1065,12393,2,120
4067,452,2,120
9435,10748,2,360
1832,8071,,
1401,8759,2,360
6173,12543,2,360
6510,10522,2,300
5295,5960,2,360
5830,6004,,
96,11302,2,420
409,12375,2,300
12682,4186,2,300
3059,3728,2,300
3385,3806,,
10881,10880,,
8032,3904,2,120
8691,12227,2,300
5769,8057,2,300
5593,11861,2,300
8975,10554,2,300
4514,4191,,
8020,12231,,
7771,7680,2,300
4517,4504,,
2410,5991,2,480
4228,4018,,
5797,5781,,
1016,4883,2,480
6738,5218,,
3449,3594,2,360
2799,8066,,
5547,6321,2,360
4949,5019,,
3418,3554,2,360
11525,8041,2,360
11760,11759,2,300
11602,11597,2,300
1156,1070,2,300
4756,10328,2,300
6073,11123,,
8021,12235,,
11268,11269,,
1244,2739,2,300
561,12670,2,300
7591,5216,2,120
12406,2671,2,300
30,4882,2,480
12272,3331,,
4391,10827,2,420
6991,7046,,
96,4495,2,420
1039,1596,,
985,11535,2,480
7591,6736,2,120
2692,2630,,
7707,10345,2,300
6630,11471,2,360
11087,12548,2,300
8754,1231,2,300
2120,12749,2,300
7091,7092,2,360
8032,3927,2,120
3628,3661,,
8073,8754,2,360
8041,11535,,
3816,3779,,
4881,8535,2,480
193,11522,,
4972,4961,,
3515,3565,2,300
774,2058,,
2123,2110,2,360
12230,11942,,
11352,11087,2,360
10873,4381,2,120
9848,10144,2,360
8045,12556,,
1218,2035,,
5509,5700,,
2323,11906,,
3204,3067,,
11256,11266,,
11559,8030,2,120
11802,11801,,
12626,646,2,300
7214,7166,,
11810,11799,,
190,1016,2,300
5869,5069,,
11352,11279,2,300
8068,12409,,
8021,12647,2,120
2354,8978,2,300
2692,2799,,
1334,6958,2,480
11122,5623,,
10631,12548,2,360
11243,12716,2,300
4065,4371,,
5583,11122,,
10916,9720,2,480
11273,4494,2,480
2414,2833,2,120
4500,4329,2,360
10092,1865,2,300
797,12668,2,300
6587,6908,2,300
6661,11932,2,300
12241,12233,2,300
10591,11638,2,420
6340,6195,2,300
6840,10519,2,300
2166,2222,,
12637,10300,2,300
696,232,2,360
2761,1173,2,120
6874,9567,,
8038,12138,2,480
10018,8683,,
1885,1866,2,300
11798,11799,,
8750,12567,2,300
10916,5180,,
10890,10885,,
6088,8854,2,360
452,4163,2,120
5769,5667,2,120
11032,11998,,
8350,3386,2,480
2799,2630,,
11793,12085,2,300
2214,2174,,
650,838,,
10331,10231,2,300
11011,1350,,
10856,11757,2,300
8680,10021,2,480
190,4494,2,360
12318,1709,,
10880,5045,,
1444,11911,,
8057,5045,,
4355,8605,,
12229,12210,,
12671,297,,
11134,5729,,
8065,6984,,
6475,7102,2,360
11256,11289,,
6116,5925,,
6578,6482,2,300
11714,11715,,
9510,8703,2,360
10888,10891,,
63,591,,
11710,11716,,
10764,10819,,
5358,5346,2,300
6630,11388,2,360
1143,9052,2,480
779,8622,,
3117,2959,,
4961,4962,2,300
11523,11774,2,360
3243,12228,2,300
5769,5793,,
5509,11860,,
10884,8061,2,300
6646,9564,,
859,938,,
7639,5148,,
9567,6874,,
5803,5954,,
8860,8761,,
10823,4750,,
6004,5830,,
2225,1211,2,360
8021,3204,2,120
4750,10819,,
6840,6841,2,300
4959,4974,,
11906,2323,,
11441,11535,2,420
1206,850,2,360
1108,1596,,
5019,4949,,
838,718,2,300
11357,11279,2,300
10891,10889,2,180
11882,5122,2,120
1775,12688,2,120
6603,6684,2,300
810,9103,2,300
11251,11286,,
6467,11764,2,420
6195,8854,2,360
4933,5615,2,360
6600,6895,2,300
11270,11266,,
4972,5253,,
3140,3548,2,300
7703,12444,2,300
11331,12516,2,360
938,8035,2,480
9112,8040,2,420
486,12548,2,300
2689,2695,,
3195,3394,,
10823,10764,,
7658,7827,,
6727,7469,2,120
5505,5638,2,360
2266,11906,,
3904,3533,,
77,11302,2,420
8078,11302,2,600
8916,8073,2,360
9397,3695,,
10148,9524,,
3334,12647,,
10960,10958,2,420
3334,8021,2,120
5593,11858,,
742,737,2,300
4188,4365,2,300
6173,6340,2,360
155,12664,2,300
8575,8552,,
512,1244,2,600
4447,4534,2,360
3898,3878,2,300
11311,10468,2,300
12673,10893,2,300
11352,2119,2,300
5342,5364,,
5769,8060,2,300
8916,8754,2,300
9103,810,,
8483,8484,2,360
6566,11208,,
1828,1133,2,300
11303,938,2,480
863,774,,
8021,3533,2,120
11287,11252,,
1546,1692,,
5042,5048,2,420
10643,10673,2,300
1086,1544,,
5180,5183,2,420
4534,4599,2,360
12588,9511,,
11526,96,2,300
8747,10972,,
12406,12409,2,300
1775,4381,2,120
5042,6468,2,540
7736,8030,2,120
11715,11716,,
12155,8059,,
8687,8690,,
8828,3444,2,300
5360,7169,2,300
4427,4567,2,360
5059,11701,2,480
11318,11962,2,540
12232,12242,2,300
6766,6783,,
6217,6373,2,300
12020,12230,,
11305,11245,,
11878,11947,2,360
8282,8485,2,360
4381,1761,2,120
11535,4495,2,300
1659,2023,,
1852,1809,,
11808,11811,,
5140,5072,,
1018,9551,,
10929,10915,2,120
3904,3204,,
8659,8679,2,120
5719,5037,,
10915,5989,2,120
12409,2016,2,300
1186,12665,2,300
1907,301,2,300
6727,5216,2,120
1477,1858,2,300
972,11588,2,300
12437,7108,2,300
179,10363,,
1754,2123,,
7207,7166,2,120
10554,7357,2,360
8072,695,,
11794,12358,2,300
10252,10259,,
12586,11103,2,300
3133,3548,2,300
5628,5998,,
10437,6194,,
11874,8759,2,300
3784,3975,2,300
4568,4242,2,120
11882,5494,,
5180,9720,2,480
3059,3479,2,300
6313,5547,2,360
11131,5651,,
2623,2418,2,360
486,11088,,
8057,5769,2,300
5844,8056,2,300
11337,11275,2,360
8077,409,2,300
11719,11718,,
8023,11559,2,120
7095,7214,,
7743,8024,2,120
5250,5256,,
1105,11013,2,300
8849,3375,,
6173,6174,2,360
8573,8578,,
5509,5743,,
5122,5262,,
12631,1116,2,300
2648,2328,,
2717,2016,,
5494,10880,2,120
3943,9179,2,300
7864,11439,2,300
6781,6661,2,300
7166,7214,,
5935,11907,2,360
812,12672,,
4568,4471,,
2396,2399,2,300
2044,801,,
11127,5025,,
8060,5667,2,300
3816,3822,,
6039,10189,,
8060,11764,2,360
10470,8289,,
2355,2338,2,300
11288,11256,,
6727,7635,2,120
12523,10363,2,300
11258,11277,2,300
696,524,,
1660,12183,,
972,8073,2,300
11294,11707,2,360
1888,9043,,
5593,5701,2,480
10873,12688,2,120
8068,2671,2,300
8020,12022,2,120
11543,3517,2,300
3315,12272,,
8672,8689,,
1775,451,2,120
4163,4143,2,120
7449,7555,,
3975,3198,,
11523,4495,2,300
542,4887,2,300
3371,3589,,
4143,452,2,120
11500,165,,
8140,963,,
10148,12478,2,300
1736,1801,2,300
11733,2269,,
6467,8057,,
11638,411,2,300
2081,405,,
696,942,2,360
8049,2671,2,300
6921,6741,,
4113,4074,2,300
11843,12380,2,360
8038,8039,2,360
2610,1177,2,480
1533,789,,
4459,10866,,
2717,2414,2,120
3411,8818,,
1775,10873,2,120
12173,7259,2,300
1143,857,2,360
10879,4228,2,300
6730,12207,2,600
4336,4360,2,360
3394,3067,,
1160,12665,2,300
812,12669,2,300
7743,12498,,
4061,4830,2,300
11714,11712,,
12681,9128,2,360
12277,3314,2,300
737,442,2,600
10068,3608,2,420
10891,10892,,
3619,2345,,
8032,12234,,
12230,12320,,
2101,7001,,
11128,5138,,
10647,12424,2,300
11674,12537,,
10873,451,2,120
1410,9125,,
1659,9989,,
8916,11588,,
11676,4659,2,360
2323,11909,,
7086,7172,2,300
11256,11269,,
859,11535,2,420
11307,2892,2,360
11256,11246,,
7666,10310,2,420
10342,10333,2,360
423,1586,,
12668,797,2,300
12513,782,,
1116,12632,2,300
5557,5629,,
1592,9124,,
6479,6068,2,360
6987,9849,2,420
11289,11266,,
11802,11798,,
2766,1477,2,360
7699,10215,,
8412,8367,2,300
11135,5756,,
12234,3394,,
8031,3385,2,120
9564,6590,,
5583,5623,,
4939,5093,,
11540,6754,2,300
11876,8750,2,360
454,195,2,300
6467,8060,,
8049,12409,,
7223,8960,2,360
9136,329,2,360
11588,972,2,300
5494,11882,,
3624,2646,,
12235,7643,2,300
5122,10881,2,300
1709,1482,2,120
452,4143,2,120
451,452,2,120
11882,5769,2,300
6736,6727,2,120
11283,12584,2,360
12688,452,2,120
11252,11287,,
8763,8913,2,360
3694,3732,2,300
6247,6312,,
10399,97,2,120
11860,6000,,
10470,91,2,360
11310,11274,2,360
5122,6467,,
11279,11357,2,300
10916,5183,2,420
11805,11799,,
10886,12655,,
11204,2264,,
3533,8032,2,120
8959,7352,2,360
6467,5667,2,300
12409,2414,2,300
11087,11088,2,300
11606,8044,2,300
10947,11867,,
11798,11802,,
3904,12647,,
10890,10888,,
1838,2004,,
6116,6111,,
6741,6942,,
12688,4067,2,120
9505,8760,2,300
4491,4461,2,300
3386,8350,2,480
11277,11260,2,300
333,467,2,300
6727,6736,2,120
12345,3376,,
3533,12234,,
6988,6962,,
7464,7576,,
5015,11628,2,480
8672,12227,,
8922,10413,2,300
1583,248,,
317,674,2,360
842,11022,,
963,1387,2,300
5464,5743,,
5813,5909,2,300
8573,8561,,
5410,6113,2,360
3385,8031,2,120
1633,1668,2,300
5542,6195,2,360
10893,10316,2,300
3207,12242,2,360
9562,8617,2,300
11794,12361,2,300
405,4879,2,480
6467,5793,2,300
3334,3195,,
11310,11337,2,300
11348,12585,,
